,0
0,75.18582753352872
1,70.08272903942733
2,51.46100541975362
3,55.22192596052692
4,30.208653282057675
5,39.62498030497851
6,20.611475428314158
7,30.449448615784764
8,28.02500498366084
9,29.30159556464497
10,44.095672251485766
11,45.669282622309
12,64.84761942182196
13,63.27035355880091
14,50.93694464705082
15,58.93699893660623
16,79.03837442414428
17,55.32969177177374
18,46.79178428223349
19,29.646855080303624
20,47.51648995014877
21,44.61215560583861
22,59.03066555661193
23,60.24400160404034
24,50.87482025509173
25,35.14022657509396
26,45.103929085202594
27,35.146048339053266
28,24.70322927445523
29,57.228335704439694
30,39.45614812559181
31,57.85314367177208
32,42.87882949869218
33,25.71773975933942
34,23.138871798028937
35,35.11613496269304
36,34.72961642321567
37,36.06061581502211
38,8.42206726195221
39,18.729827925154844
40,0.0
41,13.506424224799643
42,16.93527536469789
43,14.72278474682735
44,21.971372375634946
45,19.526077556696627
46,20.8184305743915
47,31.67193503296567
48,31.308902247146737
49,54.14502206799957
50,12.612005023622899
51,29.91156690887561
52,44.57001044704213
53,50.954954845616356
54,60.51435717579682
55,62.85903448421
56,67.73732624063186
57,60.94171665187788
58,100.0
59,62.76338712004403
60,78.09251662783512
61,54.05957745461294
62,65.39941891847886
63,79.80705610247448
64,50.172170592334425
65,40.63252572080681
66,20.508589175774407
67,65.93278940463782
68,57.32443225507848
69,47.629445756133876
70,73.4136564049852
71,75.29901259236426
72,49.81675589592045
73,52.6254983363861
74,67.68510190062102
75,67.52915921905709
76,77.81570889012886
77,72.3221597197299
78,89.60863921750884
79,84.20095438446471
80,90.70267023851898
81,81.43322938196201
82,68.69382869075977
83,75.97162644238469
84,68.61563376536647
85,71.75116571401523
86,66.03345195229528
87,76.55115751289621
88,58.73231371860077
89,58.97585432851957
90,42.35894583619987
91,33.064682608060956
92,54.9477510114185
93,42.68340226545601
94,49.905014172226295
95,48.72725172098582
96,52.63307874985456
97,47.07701586198944
98,91.59235195133135
99,87.03077810170166
